%p=
>> p

p =

  Columns 1 through 18

    0.1103    0.0868    0.0849    0.0718    0.0711    0.0707    0.0707    0.0650    0.0576    0.0421    0.0364    0.0354    0.0311    0.0293    0.0275    0.0244    0.0192    0.0189

  Columns 19 through 26

    0.0126    0.0099    0.0090    0.0085    0.0029    0.0019    0.0018    0.0000


>>huffman_encode(p)
ans =

  1×26 cell array

  Columns 1 through 14

    {'101'}    {'111'}    {'0000'}    {'0011'}    {'0100'}    {'0101'}    {'0110'}    {'0111'}    {'1001'}    {'00010'}    {'00100'}    {'00101'}    {'10000'}    {'10001'}

  Columns 15 through 26

    {'11001'}    {'11010'}    {'11011'}    {'000110'}    {'110001'}    {'0001110'}    {'0001111'}    {'1100000'}    {'11000011'}    {'110000100'}    {'1100001010'}    {'1100001011'}
